20 15
0 6 0 0 0 0 0 0 0 0 0 0 0 0 0
0 5 1 2 3 0 0 0 0 0 0 0 0 0 0
0 0 0 0 0 0 0 0 0 0 0 0 0 0 0
0 6 0 0 0 0 0 0 0 0 0 0 0 0 0
0 5 2 2 2 2 1 1 1 1 3 3 3 3 0
0 0 0 0 0 0 0 0 0 0 0 0 0 0 0
0 6 0 0 0 0 0 0 0 0 0 0 0 0 0
0 5 1 2 3 1 2 3 1 2 3 1 2 3 0
0 0 0 0 0 0 0 0 0 0 0 0 0 0 0
0 6 0 0 0 0 0 0 0 0 0 0 0 0 0
0 5 1 1 2 2 3 3 1 1 2 2 3 3 0
0 0 0 0 0 0 0 0 0 0 0 0 0 0 0
0 6 0 0 0 0 0 0 0 0 0 0 0 0 0
0 5 1 1 2 2 1 1 2 3 2 3 3 3 0
0 0 0 0 0 0 0 0 0 0 0 0 0 0 0
0 6 0 0 0 0 0 0 0 0 0 0 0 0 0
0 5 1 1 2 2 1 1 2 2 3 3 3 3 0
0 0 0 0 0 0 0 0 0 0 0 0 0 0 0
0 6 0 0 0 0 0 0 0 0 0 0 0 0 0
0 5 1 1 2 2 1 1 2 2 3 3 0 0 0
