64 96
0 0 0 0 0 0 0 0 0 0 0 0 0 0 0 0 0 0 0 0 0 0 0 0 0 0 0 0 0 0 0 0 0 0 0 0 0 0 0 0 0 0 0 0 0 0 0 0 0 0 0 0 0 0 0 0 0 0 0 0 0 0 0 0 0 0 0 0 0 0 0 0 0 0 0 0 0 0 0 0 0 0 0 0 0 0 0 0 0 0 0 0 0 0 0 0
0 4 0 6 3 6 3 6 3 6 1 0 0 4 0 6 3 6 3 6 3 6 1 0 0 4 0 6 3 6 3 6 3 6 1 0 0 4 0 6 3 6 3 6 3 6 1 0 0 4 0 6 3 6 3 6 3 6 1 0 0 4 0 6 3 6 3 6 3 6 1 0 0 4 0 6 3 6 3 6 3 6 1 0 0 4 0 6 3 6 3 6 3 6 1 0
0 11 0 0 0 0 0 0 0 0 1 0 0 11 0 0 0 0 0 0 0 7 1 0 0 11 0 0 0 0 0 0 7 0 1 0 0 11 0 0 0 0 0 0 7 7 1 0 0 11 0 0 0 0 0 7 0 0 1 0 0 11 0 0 0 0 0 7 0 7 1 0 0 11 0 0 0 0 0 7 7 0 1 0 0 11 0 0 0 0 0 7 7 7 1 0
0 0 0 0 0 0 0 0 0 0 0 0 0 0 0 0 0 0 0 0 0 0 0 0 0 0 0 0 0 0 0 0 0 0 0 0 0 0 0 0 0 0 0 0 0 0 0 0 0 0 0 0 0 0 0 0 0 0 0 0 0 0 0 0 0 0 0 0 0 0 0 0 0 0 0 0 0 0 0 0 0 0 0 0 0 0 0 0 0 0 0 0 0 0 0 0
0 0 0 0 0 0 0 0 0 0 0 0 0 0 0 0 0 0 0 0 0 0 0 0 0 0 0 0 0 0 0 0 0 0 0 0 0 0 0 0 0 0 0 0 0 0 0 0 0 0 0 0 0 0 0 0 0 0 0 0 0 0 0 0 0 0 0 0 0 0 0 0 0 0 0 0 0 0 0 0 0 0 0 0 0 0 0 0 0 0 0 0 0 0 0 0
0 4 0 6 3 6 3 6 3 6 1 0 0 4 0 6 3 6 3 6 3 6 1 0 0 4 0 6 3 6 3 6 3 6 1 0 0 4 0 6 3 6 3 6 3 6 1 0 0 4 0 6 3 6 3 6 3 6 1 0 0 4 0 6 3 6 3 6 3 6 1 0 0 4 0 6 3 6 3 6 3 6 1 0 0 4 0 6 3 6 3 6 3 6 1 0
0 11 0 0 0 0 7 0 0 0 1 0 0 11 0 0 0 0 7 0 0 7 1 0 0 11 0 0 0 0 7 0 7 0 1 0 0 11 0 0 0 0 7 0 7 7 1 0 0 11 0 0 0 0 7 7 0 0 1 0 0 11 0 0 0 0 7 7 0 7 1 0 0 11 0 0 0 0 7 7 7 0 1 0 0 11 0 0 0 0 7 7 7 7 1 0
0 0 0 0 0 0 0 0 0 0 0 0 0 0 0 0 0 0 0 0 0 0 0 0 0 0 0 0 0 0 0 0 0 0 0 0 0 0 0 0 0 0 0 0 0 0 0 0 0 0 0 0 0 0 0 0 0 0 0 0 0 0 0 0 0 0 0 0 0 0 0 0 0 0 0 0 0 0 0 0 0 0 0 0 0 0 0 0 0 0 0 0 0 0 0 0
0 0 0 0 0 0 0 0 0 0 0 0 0 0 0 0 0 0 0 0 0 0 0 0 0 0 0 0 0 0 0 0 0 0 0 0 0 0 0 0 0 0 0 0 0 0 0 0 0 0 0 0 0 0 0 0 0 0 0 0 0 0 0 0 0 0 0 0 0 0 0 0 0 0 0 0 0 0 0 0 0 0 0 0 0 0 0 0 0 0 0 0 0 0 0 0
0 4 0 6 3 6 3 6 3 6 1 0 0 4 0 6 3 6 3 6 3 6 1 0 0 4 0 6 3 6 3 6 3 6 1 0 0 4 0 6 3 6 3 6 3 6 1 0 0 4 0 6 3 6 3 6 3 6 1 0 0 4 0 6 3 6 3 6 3 6 1 0 0 4 0 6 3 6 3 6 3 6 1 0 0 4 0 6 3 6 3 6 3 6 1 0
0 11 0 0 0 7 0 0 0 0 1 0 0 11 0 0 0 7 0 0 0 7 1 0 0 11 0 0 0 7 0 0 7 0 1 0 0 11 0 0 0 7 0 0 7 7 1 0 0 11 0 0 0 7 0 7 0 0 1 0 0 11 0 0 0 7 0 7 0 7 1 0 0 11 0 0 0 7 0 7 7 0 1 0 0 11 0 0 0 7 0 7 7 7 1 0
0 0 0 0 0 0 0 0 0 0 0 0 0 0 0 0 0 0 0 0 0 0 0 0 0 0 0 0 0 0 0 0 0 0 0 0 0 0 0 0 0 0 0 0 0 0 0 0 0 0 0 0 0 0 0 0 0 0 0 0 0 0 0 0 0 0 0 0 0 0 0 0 0 0 0 0 0 0 0 0 0 0 0 0 0 0 0 0 0 0 0 0 0 0 0 0
0 0 0 0 0 0 0 0 0 0 0 0 0 0 0 0 0 0 0 0 0 0 0 0 0 0 0 0 0 0 0 0 0 0 0 0 0 0 0 0 0 0 0 0 0 0 0 0 0 0 0 0 0 0 0 0 0 0 0 0 0 0 0 0 0 0 0 0 0 0 0 0 0 0 0 0 0 0 0 0 0 0 0 0 0 0 0 0 0 0 0 0 0 0 0 0
0 4 0 6 3 6 3 6 3 6 1 0 0 4 0 6 3 6 3 6 3 6 1 0 0 4 0 6 3 6 3 6 3 6 1 0 0 4 0 6 3 6 3 6 3 6 1 0 0 4 0 6 3 6 3 6 3 6 1 0 0 4 0 6 3 6 3 6 3 6 1 0 0 4 0 6 3 6 3 6 3 6 1 0 0 4 0 6 3 6 3 6 3 6 1 0
0 11 0 0 0 7 7 0 0 0 1 0 0 11 0 0 0 7 7 0 0 7 1 0 0 11 0 0 0 7 7 0 7 0 1 0 0 11 0 0 0 7 7 0 7 7 1 0 0 11 0 0 0 7 7 7 0 0 1 0 0 11 0 0 0 7 7 7 0 7 1 0 0 11 0 0 0 7 7 7 7 0 1 0 0 11 0 0 0 7 7 7 7 7 1 0
0 0 0 0 0 0 0 0 0 0 0 0 0 0 0 0 0 0 0 0 0 0 0 0 0 0 0 0 0 0 0 0 0 0 0 0 0 0 0 0 0 0 0 0 0 0 0 0 0 0 0 0 0 0 0 0 0 0 0 0 0 0 0 0 0 0 0 0 0 0 0 0 0 0 0 0 0 0 0 0 0 0 0 0 0 0 0 0 0 0 0 0 0 0 0 0
0 0 0 0 0 0 0 0 0 0 0 0 0 0 0 0 0 0 0 0 0 0 0 0 0 0 0 0 0 0 0 0 0 0 0 0 0 0 0 0 0 0 0 0 0 0 0 0 0 0 0 0 0 0 0 0 0 0 0 0 0 0 0 0 0 0 0 0 0 0 0 0 0 0 0 0 0 0 0 0 0 0 0 0 0 0 0 0 0 0 0 0 0 0 0 0
0 4 0 6 3 6 3 6 3 6 1 0 0 4 0 6 3 6 3 6 3 6 1 0 0 4 0 6 3 6 3 6 3 6 1 0 0 4 0 6 3 6 3 6 3 6 1 0 0 4 0 6 3 6 3 6 3 6 1 0 0 4 0 6 3 6 3 6 3 6 1 0 0 4 0 6 3 6 3 6 3 6 1 0 0 4 0 6 3 6 3 6 3 6 1 0
0 11 0 0 7 0 0 0 0 0 1 0 0 11 0 0 7 0 0 0 0 7 1 0 0 11 0 0 7 0 0 0 7 0 1 0 0 11 0 0 7 0 0 0 7 7 1 0 0 11 0 0 7 0 0 7 0 0 1 0 0 11 0 0 7 0 0 7 0 7 1 0 0 11 0 0 7 0 0 7 7 0 1 0 0 11 0 0 7 0 0 7 7 7 1 0
0 0 0 0 0 0 0 0 0 0 0 0 0 0 0 0 0 0 0 0 0 0 0 0 0 0 0 0 0 0 0 0 0 0 0 0 0 0 0 0 0 0 0 0 0 0 0 0 0 0 0 0 0 0 0 0 0 0 0 0 0 0 0 0 0 0 0 0 0 0 0 0 0 0 0 0 0 0 0 0 0 0 0 0 0 0 0 0 0 0 0 0 0 0 0 0
0 0 0 0 0 0 0 0 0 0 0 0 0 0 0 0 0 0 0 0 0 0 0 0 0 0 0 0 0 0 0 0 0 0 0 0 0 0 0 0 0 0 0 0 0 0 0 0 0 0 0 0 0 0 0 0 0 0 0 0 0 0 0 0 0 0 0 0 0 0 0 0 0 0 0 0 0 0 0 0 0 0 0 0 0 0 0 0 0 0 0 0 0 0 0 0
0 4 0 6 3 6 3 6 3 6 1 0 0 4 0 6 3 6 3 6 3 6 1 0 0 4 0 6 3 6 3 6 3 6 1 0 0 4 0 6 3 6 3 6 3 6 1 0 0 4 0 6 3 6 3 6 3 6 1 0 0 4 0 6 3 6 3 6 3 6 1 0 0 4 0 6 3 6 3 6 3 6 1 0 0 4 0 6 3 6 3 6 3 6 1 0
0 11 0 0 7 0 7 0 0 0 1 0 0 11 0 0 7 0 7 0 0 7 1 0 0 11 0 0 7 0 7 0 7 0 1 0 0 11 0 0 7 0 7 0 7 7 1 0 0 11 0 0 7 0 7 7 0 0 1 0 0 11 0 0 7 0 7 7 0 7 1 0 0 11 0 0 7 0 7 7 7 0 1 0 0 11 0 0 7 0 7 7 7 7 1 0
0 0 0 0 0 0 0 0 0 0 0 0 0 0 0 0 0 0 0 0 0 0 0 0 0 0 0 0 0 0 0 0 0 0 0 0 0 0 0 0 0 0 0 0 0 0 0 0 0 0 0 0 0 0 0 0 0 0 0 0 0 0 0 0 0 0 0 0 0 0 0 0 0 0 0 0 0 0 0 0 0 0 0 0 0 0 0 0 0 0 0 0 0 0 0 0
0 0 0 0 0 0 0 0 0 0 0 0 0 0 0 0 0 0 0 0 0 0 0 0 0 0 0 0 0 0 0 0 0 0 0 0 0 0 0 0 0 0 0 0 0 0 0 0 0 0 0 0 0 0 0 0 0 0 0 0 0 0 0 0 0 0 0 0 0 0 0 0 0 0 0 0 0 0 0 0 0 0 0 0 0 0 0 0 0 0 0 0 0 0 0 0
0 4 0 6 3 6 3 6 3 6 1 0 0 4 0 6 3 6 3 6 3 6 1 0 0 4 0 6 3 6 3 6 3 6 1 0 0 4 0 6 3 6 3 6 3 6 1 0 0 4 0 6 3 6 3 6 3 6 1 0 0 4 0 6 3 6 3 6 3 6 1 0 0 4 0 6 3 6 3 6 3 6 1 0 0 4 0 6 3 6 3 6 3 6 1 0
0 11 0 0 7 7 0 0 0 0 1 0 0 11 0 0 7 7 0 0 0 7 1 0 0 11 0 0 7 7 0 0 7 0 1 0 0 11 0 0 7 7 0 0 7 7 1 0 0 11 0 0 7 7 0 7 0 0 1 0 0 11 0 0 7 7 0 7 0 7 1 0 0 11 0 0 7 7 0 7 7 0 1 0 0 11 0 0 7 7 0 7 7 7 1 0
0 0 0 0 0 0 0 0 0 0 0 0 0 0 0 0 0 0 0 0 0 0 0 0 0 0 0 0 0 0 0 0 0 0 0 0 0 0 0 0 0 0 0 0 0 0 0 0 0 0 0 0 0 0 0 0 0 0 0 0 0 0 0 0 0 0 0 0 0 0 0 0 0 0 0 0 0 0 0 0 0 0 0 0 0 0 0 0 0 0 0 0 0 0 0 0
0 0 0 0 0 0 0 0 0 0 0 0 0 0 0 0 0 0 0 0 0 0 0 0 0 0 0 0 0 0 0 0 0 0 0 0 0 0 0 0 0 0 0 0 0 0 0 0 0 0 0 0 0 0 0 0 0 0 0 0 0 0 0 0 0 0 0 0 0 0 0 0 0 0 0 0 0 0 0 0 0 0 0 0 0 0 0 0 0 0 0 0 0 0 0 0
0 4 0 6 3 6 3 6 3 6 1 0 0 4 0 6 3 6 3 6 3 6 1 0 0 4 0 6 3 6 3 6 3 6 1 0 0 4 0 6 3 6 3 6 3 6 1 0 0 4 0 6 3 6 3 6 3 6 1 0 0 4 0 6 3 6 3 6 3 6 1 0 0 4 0 6 3 6 3 6 3 6 1 0 0 4 0 6 3 6 3 6 3 6 1 0
0 11 0 0 7 7 7 0 0 0 1 0 0 11 0 0 7 7 7 0 0 7 1 0 0 11 0 0 7 7 7 0 7 0 1 0 0 11 0 0 7 7 7 0 7 7 1 0 0 11 0 0 7 7 7 7 0 0 1 0 0 11 0 0 7 7 7 7 0 7 1 0 0 11 0 0 7 7 7 7 7 0 1 0 0 11 0 0 7 7 7 7 7 7 1 0
0 0 0 0 0 0 0 0 0 0 0 0 0 0 0 0 0 0 0 0 0 0 0 0 0 0 0 0 0 0 0 0 0 0 0 0 0 0 0 0 0 0 0 0 0 0 0 0 0 0 0 0 0 0 0 0 0 0 0 0 0 0 0 0 0 0 0 0 0 0 0 0 0 0 0 0 0 0 0 0 0 0 0 0 0 0 0 0 0 0 0 0 0 0 0 0
0 0 0 0 0 0 0 0 0 0 0 0 0 0 0 0 0 0 0 0 0 0 0 0 0 0 0 0 0 0 0 0 0 0 0 0 0 0 0 0 0 0 0 0 0 0 0 0 0 0 0 0 0 0 0 0 0 0 0 0 0 0 0 0 0 0 0 0 0 0 0 0 0 0 0 0 0 0 0 0 0 0 0 0 0 0 0 0 0 0 0 0 0 0 0 0
0 4 0 6 3 6 3 6 3 6 1 0 0 4 0 6 3 6 3 6 3 6 1 0 0 4 0 6 3 6 3 6 3 6 1 0 0 4 0 6 3 6 3 6 3 6 1 0 0 4 0 6 3 6 3 6 3 6 1 0 0 4 0 6 3 6 3 6 3 6 1 0 0 4 0 6 3 6 3 6 3 6 1 0 0 4 0 6 3 6 3 6 3 6 1 0
0 11 0 7 0 0 0 0 0 0 1 0 0 11 0 7 0 0 0 0 0 7 1 0 0 11 0 7 0 0 0 0 7 0 1 0 0 11 0 7 0 0 0 0 7 7 1 0 0 11 0 7 0 0 0 7 0 0 1 0 0 11 0 7 0 0 0 7 0 7 1 0 0 11 0 7 0 0 0 7 7 0 1 0 0 11 0 7 0 0 0 7 7 7 1 0
0 0 0 0 0 0 0 0 0 0 0 0 0 0 0 0 0 0 0 0 0 0 0 0 0 0 0 0 0 0 0 0 0 0 0 0 0 0 0 0 0 0 0 0 0 0 0 0 0 0 0 0 0 0 0 0 0 0 0 0 0 0 0 0 0 0 0 0 0 0 0 0 0 0 0 0 0 0 0 0 0 0 0 0 0 0 0 0 0 0 0 0 0 0 0 0
0 0 0 0 0 0 0 0 0 0 0 0 0 0 0 0 0 0 0 0 0 0 0 0 0 0 0 0 0 0 0 0 0 0 0 0 0 0 0 0 0 0 0 0 0 0 0 0 0 0 0 0 0 0 0 0 0 0 0 0 0 0 0 0 0 0 0 0 0 0 0 0 0 0 0 0 0 0 0 0 0 0 0 0 0 0 0 0 0 0 0 0 0 0 0 0
0 4 0 6 3 6 3 6 3 6 1 0 0 4 0 6 3 6 3 6 3 6 1 0 0 4 0 6 3 6 3 6 3 6 1 0 0 4 0 6 3 6 3 6 3 6 1 0 0 4 0 6 3 6 3 6 3 6 1 0 0 4 0 6 3 6 3 6 3 6 1 0 0 4 0 6 3 6 3 6 3 6 1 0 0 4 0 6 3 6 3 6 3 6 1 0
0 11 0 7 0 0 7 0 0 0 1 0 0 11 0 7 0 0 7 0 0 7 1 0 0 11 0 7 0 0 7 0 7 0 1 0 0 11 0 7 0 0 7 0 7 7 1 0 0 11 0 7 0 0 7 7 0 0 1 0 0 11 0 7 0 0 7 7 0 7 1 0 0 11 0 7 0 0 7 7 7 0 1 0 0 11 0 7 0 0 7 7 7 7 1 0
0 0 0 0 0 0 0 0 0 0 0 0 0 0 0 0 0 0 0 0 0 0 0 0 0 0 0 0 0 0 0 0 0 0 0 0 0 0 0 0 0 0 0 0 0 0 0 0 0 0 0 0 0 0 0 0 0 0 0 0 0 0 0 0 0 0 0 0 0 0 0 0 0 0 0 0 0 0 0 0 0 0 0 0 0 0 0 0 0 0 0 0 0 0 0 0
0 0 0 0 0 0 0 0 0 0 0 0 0 0 0 0 0 0 0 0 0 0 0 0 0 0 0 0 0 0 0 0 0 0 0 0 0 0 0 0 0 0 0 0 0 0 0 0 0 0 0 0 0 0 0 0 0 0 0 0 0 0 0 0 0 0 0 0 0 0 0 0 0 0 0 0 0 0 0 0 0 0 0 0 0 0 0 0 0 0 0 0 0 0 0 0
0 4 0 6 3 6 3 6 3 6 1 0 0 4 0 6 3 6 3 6 3 6 1 0 0 4 0 6 3 6 3 6 3 6 1 0 0 4 0 6 3 6 3 6 3 6 1 0 0 4 0 6 3 6 3 6 3 6 1 0 0 4 0 6 3 6 3 6 3 6 1 0 0 4 0 6 3 6 3 6 3 6 1 0 0 4 0 6 3 6 3 6 3 6 1 0
0 11 0 7 0 7 0 0 0 0 1 0 0 11 0 7 0 7 0 0 0 7 1 0 0 11 0 7 0 7 0 0 7 0 1 0 0 11 0 7 0 7 0 0 7 7 1 0 0 11 0 7 0 7 0 7 0 0 1 0 0 11 0 7 0 7 0 7 0 7 1 0 0 11 0 7 0 7 0 7 7 0 1 0 0 11 0 7 0 7 0 7 7 7 1 0
0 0 0 0 0 0 0 0 0 0 0 0 0 0 0 0 0 0 0 0 0 0 0 0 0 0 0 0 0 0 0 0 0 0 0 0 0 0 0 0 0 0 0 0 0 0 0 0 0 0 0 0 0 0 0 0 0 0 0 0 0 0 0 0 0 0 0 0 0 0 0 0 0 0 0 0 0 0 0 0 0 0 0 0 0 0 0 0 0 0 0 0 0 0 0 0
0 0 0 0 0 0 0 0 0 0 0 0 0 0 0 0 0 0 0 0 0 0 0 0 0 0 0 0 0 0 0 0 0 0 0 0 0 0 0 0 0 0 0 0 0 0 0 0 0 0 0 0 0 0 0 0 0 0 0 0 0 0 0 0 0 0 0 0 0 0 0 0 0 0 0 0 0 0 0 0 0 0 0 0 0 0 0 0 0 0 0 0 0 0 0 0
0 4 0 6 3 6 3 6 3 6 1 0 0 4 0 6 3 6 3 6 3 6 1 0 0 4 0 6 3 6 3 6 3 6 1 0 0 4 0 6 3 6 3 6 3 6 1 0 0 4 0 6 3 6 3 6 3 6 1 0 0 4 0 6 3 6 3 6 3 6 1 0 0 4 0 6 3 6 3 6 3 6 1 0 0 4 0 6 3 6 3 6 3 6 1 0
0 11 0 7 0 7 7 0 0 0 1 0 0 11 0 7 0 7 7 0 0 7 1 0 0 11 0 7 0 7 7 0 7 0 1 0 0 11 0 7 0 7 7 0 7 7 1 0 0 11 0 7 0 7 7 7 0 0 1 0 0 11 0 7 0 7 7 7 0 7 1 0 0 11 0 7 0 7 7 7 7 0 1 0 0 11 0 7 0 7 7 7 7 7 1 0
0 0 0 0 0 0 0 0 0 0 0 0 0 0 0 0 0 0 0 0 0 0 0 0 0 0 0 0 0 0 0 0 0 0 0 0 0 0 0 0 0 0 0 0 0 0 0 0 0 0 0 0 0 0 0 0 0 0 0 0 0 0 0 0 0 0 0 0 0 0 0 0 0 0 0 0 0 0 0 0 0 0 0 0 0 0 0 0 0 0 0 0 0 0 0 0
0 0 0 0 0 0 0 0 0 0 0 0 0 0 0 0 0 0 0 0 0 0 0 0 0 0 0 0 0 0 0 0 0 0 0 0 0 0 0 0 0 0 0 0 0 0 0 0 0 0 0 0 0 0 0 0 0 0 0 0 0 0 0 0 0 0 0 0 0 0 0 0 0 0 0 0 0 0 0 0 0 0 0 0 0 0 0 0 0 0 0 0 0 0 0 0
0 4 0 6 3 6 3 6 3 6 1 0 0 4 0 6 3 6 3 6 3 6 1 0 0 4 0 6 3 6 3 6 3 6 1 0 0 4 0 6 3 6 3 6 3 6 1 0 0 4 0 6 3 6 3 6 3 6 1 0 0 4 0 6 3 6 3 6 3 6 1 0 0 4 0 6 3 6 3 6 3 6 1 0 0 4 0 6 3 6 3 6 3 6 1 0
0 11 0 7 7 0 0 0 0 0 1 0 0 11 0 7 7 0 0 0 0 7 1 0 0 11 0 7 7 0 0 0 7 0 1 0 0 11 0 7 7 0 0 0 7 7 1 0 0 11 0 7 7 0 0 7 0 0 1 0 0 11 0 7 7 0 0 7 0 7 1 0 0 11 0 7 7 0 0 7 7 0 1 0 0 11 0 7 7 0 0 7 7 7 1 0
0 0 0 0 0 0 0 0 0 0 0 0 0 0 0 0 0 0 0 0 0 0 0 0 0 0 0 0 0 0 0 0 0 0 0 0 0 0 0 0 0 0 0 0 0 0 0 0 0 0 0 0 0 0 0 0 0 0 0 0 0 0 0 0 0 0 0 0 0 0 0 0 0 0 0 0 0 0 0 0 0 0 0 0 0 0 0 0 0 0 0 0 0 0 0 0
0 0 0 0 0 0 0 0 0 0 0 0 0 0 0 0 0 0 0 0 0 0 0 0 0 0 0 0 0 0 0 0 0 0 0 0 0 0 0 0 0 0 0 0 0 0 0 0 0 0 0 0 0 0 0 0 0 0 0 0 0 0 0 0 0 0 0 0 0 0 0 0 0 0 0 0 0 0 0 0 0 0 0 0 0 0 0 0 0 0 0 0 0 0 0 0
0 4 0 6 3 6 3 6 3 6 1 0 0 4 0 6 3 6 3 6 3 6 1 0 0 4 0 6 3 6 3 6 3 6 1 0 0 4 0 6 3 6 3 6 3 6 1 0 0 4 0 6 3 6 3 6 3 6 1 0 0 4 0 6 3 6 3 6 3 6 1 0 0 4 0 6 3 6 3 6 3 6 1 0 0 4 0 6 3 6 3 6 3 6 1 0
0 11 0 7 7 0 7 0 0 0 1 0 0 11 0 7 7 0 7 0 0 7 1 0 0 11 0 7 7 0 7 0 7 0 1 0 0 11 0 7 7 0 7 0 7 7 1 0 0 11 0 7 7 0 7 7 0 0 1 0 0 11 0 7 7 0 7 7 0 7 1 0 0 11 0 7 7 0 7 7 7 0 1 0 0 11 0 7 7 0 7 7 7 7 1 0
0 0 0 0 0 0 0 0 0 0 0 0 0 0 0 0 0 0 0 0 0 0 0 0 0 0 0 0 0 0 0 0 0 0 0 0 0 0 0 0 0 0 0 0 0 0 0 0 0 0 0 0 0 0 0 0 0 0 0 0 0 0 0 0 0 0 0 0 0 0 0 0 0 0 0 0 0 0 0 0 0 0 0 0 0 0 0 0 0 0 0 0 0 0 0 0
0 0 0 0 0 0 0 0 0 0 0 0 0 0 0 0 0 0 0 0 0 0 0 0 0 0 0 0 0 0 0 0 0 0 0 0 0 0 0 0 0 0 0 0 0 0 0 0 0 0 0 0 0 0 0 0 0 0 0 0 0 0 0 0 0 0 0 0 0 0 0 0 0 0 0 0 0 0 0 0 0 0 0 0 0 0 0 0 0 0 0 0 0 0 0 0
0 4 0 6 3 6 3 6 3 6 1 0 0 4 0 6 3 6 3 6 3 6 1 0 0 4 0 6 3 6 3 6 3 6 1 0 0 4 0 6 3 6 3 6 3 6 1 0 0 4 0 6 3 6 3 6 3 6 1 0 0 4 0 6 3 6 3 6 3 6 1 0 0 4 0 6 3 6 3 6 3 6 1 0 0 4 0 6 3 6 3 6 3 6 1 0
0 11 0 7 7 7 0 0 0 0 1 0 0 11 0 7 7 7 0 0 0 7 1 0 0 11 0 7 7 7 0 0 7 0 1 0 0 11 0 7 7 7 0 0 7 7 1 0 0 11 0 7 7 7 0 7 0 0 1 0 0 11 0 7 7 7 0 7 0 7 1 0 0 11 0 7 7 7 0 7 7 0 1 0 0 11 0 7 7 7 0 7 7 7 1 0
0 0 0 0 0 0 0 0 0 0 0 0 0 0 0 0 0 0 0 0 0 0 0 0 0 0 0 0 0 0 0 0 0 0 0 0 0 0 0 0 0 0 0 0 0 0 0 0 0 0 0 0 0 0 0 0 0 0 0 0 0 0 0 0 0 0 0 0 0 0 0 0 0 0 0 0 0 0 0 0 0 0 0 0 0 0 0 0 0 0 0 0 0 0 0 0
0 0 0 0 0 0 0 0 0 0 0 0 0 0 0 0 0 0 0 0 0 0 0 0 0 0 0 0 0 0 0 0 0 0 0 0 0 0 0 0 0 0 0 0 0 0 0 0 0 0 0 0 0 0 0 0 0 0 0 0 0 0 0 0 0 0 0 0 0 0 0 0 0 0 0 0 0 0 0 0 0 0 0 0 0 0 0 0 0 0 0 0 0 0 0 0
0 4 0 6 3 6 3 6 3 6 1 0 0 4 0 6 3 6 3 6 3 6 1 0 0 4 0 6 3 6 3 6 3 6 1 0 0 4 0 6 3 6 3 6 3 6 1 0 0 4 0 6 3 6 3 6 3 6 1 0 0 4 0 6 3 6 3 6 3 6 1 0 0 4 0 6 3 6 3 6 3 6 1 0 0 4 0 6 3 6 3 6 3 6 1 0
0 11 0 7 7 7 7 0 0 0 1 0 0 11 0 7 7 7 7 0 0 7 1 0 0 11 0 7 7 7 7 0 7 0 1 0 0 11 0 7 7 7 7 0 7 7 1 0 0 11 0 7 7 7 7 7 0 0 1 0 0 11 0 7 7 7 7 7 0 7 1 0 0 11 0 7 7 7 7 7 7 0 1 0 0 11 0 7 7 7 7 7 7 7 1 0
0 0 0 0 0 0 0 0 0 0 0 0 0 0 0 0 0 0 0 0 0 0 0 0 0 0 0 0 0 0 0 0 0 0 0 0 0 0 0 0 0 0 0 0 0 0 0 0 0 0 0 0 0 0 0 0 0 0 0 0 0 0 0 0 0 0 0 0 0 0 0 0 0 0 0 0 0 0 0 0 0 0 0 0 0 0 0 0 0 0 0 0 0 0 0 0
