120 5
169 2 20 38 2
168 21 39 3 21
168 2 2 38 20
169 3 39 21 3
0 0 0 0 0
169 2 20 38 2
168 21 39 3 21
168 3 39 21 3
169 2 2 38 20
0 0 0 0 0
169 2 20 38 2
168 2 2 38 20
168 21 39 3 21
169 3 39 21 3
0 0 0 0 0
169 2 20 38 2
168 2 2 38 20
168 3 39 21 3
169 21 39 3 21
0 0 0 0 0
169 2 20 38 2
168 3 39 21 3
168 21 39 3 21
169 2 2 38 20
0 0 0 0 0
169 2 20 38 2
168 3 39 21 3
168 2 2 38 20
169 21 39 3 21
0 0 0 0 0
169 21 39 3 21
168 2 20 38 2
168 2 2 38 20
169 3 39 21 3
0 0 0 0 0
169 21 39 3 21
168 2 20 38 2
168 3 39 21 3
169 2 2 38 20
0 0 0 0 0
169 21 39 3 21
168 2 2 38 20
168 2 20 38 2
169 3 39 21 3
0 0 0 0 0
169 21 39 3 21
168 2 2 38 20
168 3 39 21 3
169 2 20 38 2
0 0 0 0 0
169 21 39 3 21
168 3 39 21 3
168 2 20 38 2
169 2 2 38 20
0 0 0 0 0
169 21 39 3 21
168 3 39 21 3
168 2 2 38 20
169 2 20 38 2
0 0 0 0 0
169 2 2 38 20
168 2 20 38 2
168 21 39 3 21
169 3 39 21 3
0 0 0 0 0
169 2 2 38 20
168 2 20 38 2
168 3 39 21 3
169 21 39 3 21
0 0 0 0 0
169 2 2 38 20
168 21 39 3 21
168 2 20 38 2
169 3 39 21 3
0 0 0 0 0
169 2 2 38 20
168 21 39 3 21
168 3 39 21 3
169 2 20 38 2
0 0 0 0 0
169 2 2 38 20
168 3 39 21 3
168 2 20 38 2
169 21 39 3 21
0 0 0 0 0
169 2 2 38 20
168 3 39 21 3
168 21 39 3 21
169 2 20 38 2
0 0 0 0 0
169 3 39 21 3
168 2 20 38 2
168 21 39 3 21
169 2 2 38 20
0 0 0 0 0
169 3 39 21 3
168 2 20 38 2
168 2 2 38 20
169 21 39 3 21
0 0 0 0 0
169 3 39 21 3
168 21 39 3 21
168 2 20 38 2
169 2 2 38 20
0 0 0 0 0
169 3 39 21 3
168 21 39 3 21
168 2 2 38 20
169 2 20 38 2
0 0 0 0 0
169 3 39 21 3
168 2 2 38 20
168 2 20 38 2
169 21 39 3 21
0 0 0 0 0
169 3 39 21 3
168 2 2 38 20
168 21 39 3 21
169 2 20 38 2
0 0 0 0 0
