102 9
0 0 0 0 0 0 0 0 0
57 38 20 38 20 38 2 38 38
56 39 3 3 39 3 21 21 21
56 38 2 2 2 38 38 38 2
57 39 3 3 3 3 39 21 3
57 2 20 38 2 38 2 38 20
56 3 3 3 3 3 39 3 21
56 2 20 2 2 20 20 38 20
57 3 3 3 3 3 39 21 39
57 2 20 20 38 2 20 20 20
56 21 21 21 39 3 3 21 21
56 20 2 20 20 2 38 20 2
57 39 21 3 3 39 39 39 3
57 20 2 38 38 20 20 20 2
56 3 21 39 21 3 21 21 21
56 20 20 20 2 2 2 20 38
57 21 3 39 21 21 39 21 21
57 38 20 2 38 38 38 2 20
56 3 39 3 39 3 3 3 21
56 20 20 20 20 38 38 20 2
57 39 21 21 3 21 3 3 39
57 38 2 20 20 2 2 38 20
56 39 3 3 21 3 3 3 3
56 2 38 38 20 38 38 38 20
57 21 21 21 21 39 39 3 21
57 20 38 38 38 2 2 38 2
56 3 21 3 39 21 39 39 21
56 20 20 2 20 38 20 2 2
57 3 21 39 39 39 21 21 3
57 20 20 38 38 20 2 38 38
56 3 39 39 39 39 3 3 3
56 20 2 38 2 38 20 38 38
57 39 21 39 3 21 39 3 39
57 20 20 20 2 38 20 38 38
56 21 21 3 3 39 3 3 39
56 20 20 20 2 2 2 2 2
57 21 39 39 3 39 39 3 3
57 2 38 20 20 2 38 20 38
56 3 3 3 3 3 21 21 21
56 20 20 38 38 2 38 2 38
57 3 39 39 39 3 39 3 39
57 2 20 20 38 20 2 2 20
56 39 21 3 39 3 3 3 39
56 2 20 20 2 20 38 2 38
57 3 3 21 3 39 3 3 3
57 2 20 20 38 2 20 38 20
56 21 39 39 21 39 21 39 39
56 2 2 2 20 38 2 38 20
57 39 39 3 21 39 3 21 21
57 20 2 38 20 20 20 38 2
56 21 21 39 21 3 39 3 39
56 38 38 20 2 20 38 2 20
57 3 3 3 39 39 3 21 3
57 2 2 20 38 2 38 20 38
56 21 21 39 3 21 3 3 21
56 20 20 2 20 2 38 20 2
57 3 3 39 21 39 3 3 3
57 20 2 20 38 20 2 38 20
56 39 39 3 21 21 39 3 39
56 2 2 20 38 2 2 2 2
57 21 39 21 39 3 39 3 3
57 2 38 2 2 2 2 38 2
56 3 21 39 39 39 21 3 3
56 20 2 38 2 38 2 38 20
57 39 39 39 39 21 21 39 21
57 2 38 38 2 38 20 2 20
56 3 21 3 39 39 21 21 21
56 20 38 20 20 20 20 38 38
57 3 21 3 3 3 3 39 21
57 2 20 2 2 20 2 20 38
56 39 21 21 3 39 39 21 21
56 20 2 2 38 2 38 2 38
57 21 21 3 21 3 3 3 3
57 2 38 38 2 38 2 2 2
56 39 3 3 21 39 3 21 3
56 2 2 2 20 20 38 2 2
57 39 21 39 39 21 39 3 21
57 2 20 2 2 2 20 20 38
56 39 3 3 3 21 21 39 21
56 2 2 20 2 20 2 2 38
57 39 3 39 39 21 21 21 21
57 20 38 38 20 38 38 20 2
56 3 3 39 21 3 21 21 3
56 20 20 2 38 20 2 2 2
57 3 39 21 21 21 21 3 3
57 38 2 20 38 20 20 38 2
56 39 21 21 3 3 3 39 21
56 2 20 2 20 20 38 38 20
57 3 21 21 21 3 3 3 39
57 2 38 2 20 2 38 20 20
56 21 3 3 3 3 3 39 3
56 2 38 38 20 38 38 38 2
57 39 3 3 21 21 39 21 39
57 2 20 38 2 20 2 20 2
56 21 3 3 21 21 3 39 21
56 2 2 20 20 38 38 2 2
57 39 21 3 3 21 39 39 39
57 20 38 20 2 20 38 20 38
56 21 3 3 39 39 21 3 21
56 20 38 20 38 20 38 20 2
57 21 39 3 3 39 21 3 39
0 0 0 0 0 0 0 0 0